000000010000000000000000
000000100000000100000000
000001100000000100000011
000010100000000100000110
000011100000001000000000
000100100000001000000000
000101100000001000000000
000110100000000000000000
000111100000001000000001
001000100000001000000011
001001100000000000000000
001010100000001000000010
001011100000001000000110
001100100000000000000000
001101100000000100000000
001110100000001000000001
001111100000001000000001
010000100000000000000000
010001100000001000000100
010010100000000000000000
010011100000001000000111
010100100000000000000000
010101100000000100000001
010110100000001000000010
010111100000001000000010
011000100000000000000000
011001100000001000000101
011010100000000000000000
011011100000001000001000
011100100000000000000000
011101100000000100000010
011110100000001000000011
011111100000001000000011
100000100000000000000000
100001100000001000000100
100010100000000000000000
100011100000001000000101
100100100000000000000000
100101100000000100000011
100110100000001000000100
100111100000000000000000
101000100000000000000000
101001100000000000000000
101010100000000100000100
101011100000001000000101
101100100000000000000000
101101100000000000000000
101110100000000000000000
101111100000000100000101
110000100000001000000110
110001100000001000000110
110010100000000000000000
110011100000001000000111
110100100000000000000000
110101100000001000001000
110110100000000000000000
110111100000000100000110
111000100000001000000111
111001100000000000000000
111010100000000000000000
111011100000000000000000
111100100000000100000111
111101100000001000001000
111110100000000000000000
111111100000000000000000
000000100000000000000000
000001100000000100001000
000000110000000000000000
